geocommit (1.0)
lat: 48.171204
long: 11.5887074
hacc: 30.0
src: nmg
