geocommit (1.0)
lat: 50.8128534
long: 4.3807301
hacc: 30.0
src: nmg
