geocommit (1.0)
lat: 48.1415051
long: 11.4244824
hacc: 44.0
src: nmg
