geocommit (1.0)
lat: 48.1414922
long: 11.4244923
hacc: 45.0
src: nmg
