geocommit (1.0)
lat: 48.1354686
long: 11.5856139
hacc: 30.0
src: nmg
