geocommit (1.0)
lat: 48.1711916
long: 11.5887205
hacc: 23.0
src: nmg
