geocommit (1.0)
lat: 48.1355036
long: 11.5855805
hacc: 30.0
src: nmg
