geocommit (1.0)
lat: 48.1415394
long: 11.4244686
hacc: 43.0
src: nmg
