geocommit (1.0)
lat: 48.1354764
long: 11.5856211
hacc: 30.0
src: nmg
