geocommit (1.0)
lat: 50.886645
long: 4.4487336
hacc: 42.0
src: nmg
