geocommit (1.0)
lat: 48.135487
long: 11.5856428
hacc: 30.0
src: nmg
