geocommit (1.0)
lat: 48.1712262
long: 11.588703
hacc: 24.0
src: nmg
