geocommit (1.0)
lat: 48.1711918
long: 11.5887194
hacc: 23.0
src: nmg
